duration 1 0

protocol_type
3
57.41
38.47
4.12




service
66
56.96
22.45
13.01
1.97
1.46
1.19
0.96
0.33
0.16
0.14
0.11
0.1
0.08
0.07
0.04
0.03
0.03
0.02
0.02
0.02
0.02
0.02
0.02
0.02
0.02
0.02
0.02
0.02
0.02
0.02
0.02
0.02
0.02
0.02
0.02
0.02
0.02
0.02
0.02
0.02
0.02
0.02
0.02
0.02
0.02
0.02
0.02
0.02
0.02
0.02
0.02
0.02
0.02
0.02
0.02
0.02
0.02
0.02
0.02
0.01
0.0
0.0
0.0
0.0
0.0
0.0




flag
11
76.6
17.61
5.44
0.18
0.12
0.02
0.01
0.0
0.0
0.0
0.0




src_bytes 1 0
dst_bytes 1 2
land 2 100.0 0.0

wrong_fragment
3
99.75
0.2
0.05



urgent
4
100.0
0.0
0.0
0.0


hot
22
99.35
0.44
0.06
0.05
0.02
0.02
0.01
0.01
0.01
0.01
0.01
0.0
0.0
0.0
0.0
0.0
0.0
0.0
0.0
0.0
0.0
0.0




num_failed_logins
6
99.99
0.01
0.0
0.0
0.0
0.0




logged_in
2
85.18
14.82




num_compromised
23
99.55
0.44
0.0
0.0
0.0
0.0
0.0
0.0
0.0
0.0
0.0
0.0
0.0
0.0
0.0
0.0
0.0
0.0
0.0
0.0
0.0
0.0
0.0




su_attempted
3
100.0
0.0
0.0


num_root
20
99.88
0.05
0.03
0.03
0.0
0.0
0.0
0.0
0.0
0.0
0.0
0.0
0.0
0.0
0.0
0.0
0.0
0.0
0.0
0.0




num_file_creations
18
99.95
0.04
0.01
0.0
0.0
0.0
0.0
0.0
0.0
0.0
0.0
0.0
0.0
0.0
0.0
0.0
0.0
0.0




num_shells 3 99.99 0.01 0.0

num_access_files
7
99.91
0.09
0.01
0.0
0.0
0.0
0.0

num_outbound_cmds 1 100.0
is_host_login 1 100.0
is_guest_login 2 99.86 0.14
count 1 0
srv_count 1 0

serror_rate
92
81.94
17.52
0.06
0.03
0.03
0.03
0.03
0.02
0.02
0.02
0.02
0.02
0.02
0.02
0.02
0.02
0.02
0.01
0.01
0.01
0.01
0.01
0.01
0.01
0.01
0.01
0.01
0.01
0.0
0.0
0.0
0.0
0.0
0.0
0.0
0.0
0.0
0.0
0.0
0.0
0.0
0.0
0.0
0.0
0.0
0.0
0.0
0.0
0.0
0.0
0.0
0.0
0.0
0.0
0.0
0.0
0.0
0.0
0.0
0.0
0.0
0.0
0.0
0.0
0.0
0.0
0.0
0.0
0.0
0.0
0.0
0.0
0.0
0.0
0.0
0.0
0.0
0.0
0.0
0.0
0.0
0.0
0.0
0.0
0.0
0.0
0.0
0.0
0.0
0.0
0.0
0.0




srv_serror_rate
51
82.12
17.62
0.03
0.02
0.02
0.02
0.02
0.02
0.01
0.01
0.01
0.01
0.01
0.01
0.01
0.01
0.01
0.01
0.01
0.0
0.0
0.0
0.0
0.0
0.0
0.0
0.0
0.0
0.0
0.0
0.0
0.0
0.0
0.0
0.0
0.0
0.0
0.0
0.0
0.0
0.0
0.0
0.0
0.0
0.0
0.0
0.0
0.0
0.0
0.0
0.0



rerror_rate
77
94.12
5.46
0.02
0.02
0.02
0.02
0.02
0.02
0.02
0.02
0.01
0.01
0.01
0.01
0.01
0.01
0.01
0.01
0.01
0.01
0.01
0.01
0.01
0.01
0.01
0.01
0.01
0.01
0.01
0.01
0.0
0.0
0.0
0.0
0.0
0.0
0.0
0.0
0.0
0.0
0.0
0.0
0.0
0.0
0.0
0.0
0.0
0.0
0.0
0.0
0.0
0.0
0.0
0.0
0.0
0.0
0.0
0.0
0.0
0.0
0.0
0.0
0.0
0.0
0.0
0.0
0.0
0.0
0.0
0.0
0.0
0.0
0.0
0.0
0.0
0.0
0.0




srv_rerror_rate
51
93.99
5.69
0.05
0.04
0.04
0.03
0.03
0.01
0.01
0.01
0.01
0.01
0.01
0.01
0.01
0.01
0.01
0.01
0.01
0.01
0.0
0.0
0.0
0.0
0.0
0.0
0.0
0.0
0.0
0.0
0.0
0.0
0.0
0.0
0.0
0.0
0.0
0.0
0.0
0.0
0.0
0.0
0.0
0.0
0.0
0.0
0.0
0.0
0.0
0.0
0.0





same_srv_rate
99
77.34
2.27
2.14
2.06
2.03
1.93
1.9
1.77
1.48
1.01
0.8
0.73
0.73
0.67
0.66
0.51
0.35
0.29
0.25
0.17
0.12
0.1
0.08
0.07
0.05
0.04
0.04
0.03
0.03
0.02
0.02
0.02
0.02
0.02
0.02
0.01
0.01
0.01
0.01
0.01
0.01
0.01
0.01
0.01
0.01
0.01
0.01
0.01
0.01
0.01
0.01
0.01
0.01
0.01
0.0
0.0
0.0
0.0
0.0
0.0
0.0
0.0
0.0
0.0
0.0
0.0
0.0
0.0
0.0
0.0
0.0
0.0
0.0
0.0
0.0
0.0
0.0
0.0
0.0
0.0
0.0
0.0
0.0
0.0
0.0
0.0
0.0
0.0
0.0
0.0
0.0
0.0
0.0
0.0
0.0
0.0
0.0
0.0
0.0


diff_srv_rate
78
77.33
10.69
5.83
3.89
0.66
0.48
0.19
0.13
0.12
0.08
0.06
0.05
0.04
0.04
0.03
0.02
0.02
0.02
0.02
0.02
0.02
0.02
0.02
0.02
0.01
0.01
0.01
0.01
0.01
0.01
0.01
0.01
0.01
0.01
0.01
0.01
0.01
0.01
0.0
0.0
0.0
0.0
0.0
0.0
0.0
0.0
0.0
0.0
0.0
0.0
0.0
0.0
0.0
0.0
0.0
0.0
0.0
0.0
0.0
0.0
0.0
0.0
0.0
0.0
0.0
0.0
0.0
0.0
0.0
0.0
0.0
0.0
0.0
0.0
0.0
0.0
0.0
0.0





srv_diff_host_rate
64
92.99
1.64
0.31
0.29
0.29
0.25
0.24
0.23
0.22
0.21
0.21
0.2
0.2
0.19
0.19
0.19
0.19
0.17
0.17
0.16
0.16
0.14
0.1
0.1
0.08
0.08
0.08
0.07
0.07
0.06
0.06
0.06
0.06
0.05
0.05
0.05
0.03
0.02
0.02
0.02
0.02
0.01
0.01
0.01
0.01
0.0
0.0
0.0
0.0
0.0
0.0
0.0
0.0
0.0
0.0
0.0
0.0
0.0
0.0
0.0
0.0
0.0
0.0
0.0




dst_host_count 1 0
dst_host_srv_count 1 0
dst_host_same_srv_rate 1 0
dst_host_diff_srv_rate 1 0
dst_host_same_src_port_rate 1 0

dst_host_srv_diff_host_rate
65
89.45
2.38
2.13
1.35
1.34
0.94
0.39
0.31
0.15
0.14
0.13
0.09
0.09
0.08
0.08
0.08
0.07
0.07
0.07
0.07
0.07
0.07
0.05
0.05
0.05
0.05
0.03
0.02
0.02
0.02
0.02
0.02
0.02
0.01
0.01
0.01
0.01
0.01
0.01
0.01
0.01
0.0
0.0
0.0
0.0
0.0
0.0
0.0
0.0
0.0
0.0
0.0
0.0
0.0
0.0
0.0
0.0
0.0
0.0
0.0
0.0
0.0
0.0
0.0
0.0


dst_host_serror_rate 100
80.93
17.56
0.74
0.2
0.09
0.05
0.04
0.04
0.03
0.03
0.02
0.02
0.02
0.02
0.02
0.02
0.02
0.01
0.01
0.01
0.01
0.01
0.01
0.01
0.01
0.01
0.01
0.0
0.0
0.0
0.0
0.0
0.0
0.0
0.0
0.0
0.0
0.0
0.0
0.0
0.0
0.0
0.0
0.0
0.0
0.0
0.0
0.0
0.0
0.0
0.0
0.0
0.0
0.0
0.0
0.0
0.0
0.0
0.0
0.0
0.0
0.0
0.0
0.0
0.0
0.0
0.0
0.0
0.0
0.0
0.0
0.0
0.0
0.0
0.0
0.0
0.0
0.0
0.0
0.0
0.0
0.0
0.0
0.0
0.0
0.0
0.0
0.0
0.0
0.0
0.0
0.0
0.0
0.0
0.0
0.0
0.0
0.0
0.0
0.0


dst_host_srv_serror_rate 72
81.16
17.61
0.99
0.14
0.03
0.02
0.01
0.01
0.0
0.0
0.0
0.0
0.0
0.0
0.0
0.0
0.0
0.0
0.0
0.0
0.0
0.0
0.0
0.0
0.0
0.0
0.0
0.0
0.0
0.0
0.0
0.0
0.0
0.0
0.0
0.0
0.0
0.0
0.0
0.0
0.0
0.0
0.0
0.0
0.0
0.0
0.0
0.0
0.0
0.0
0.0
0.0
0.0
0.0
0.0
0.0
0.0
0.0
0.0
0.0
0.0
0.0
0.0
0.0
0.0
0.0
0.0
0.0
0.0
0.0
0.0
0.0


dst_host_rerror_rate 1 0
dst_host_srv_rerror_rate 1 0
